[/home/chrislopt/.local/share/plasma/desktoptheme/Arc-Dark/icons/applications.svg]
Natural_applications-other_0_1Size=0,0,32,32
_Natural_1Size=0,0,32,32
invalidElements=Natural_current-color-scheme_0_1,Natural_hint-apply-color-scheme_0_1

[/home/chrislopt/.local/share/plasma/desktoptheme/Arc-Dark/icons/computer.svg]
Natural_16-16-computer-laptop_0_1Size=36,26,16,16
Natural_16-16-computer_0_1Size=0,26.01,15.989,15.989
Natural_22-22-computer-laptop_0_1Size=36,0,22,22
Natural_22-22-computer_0_1Size=0,-1.5113048e-05,22,22
Natural_computer_0_1Size=0,-34,32,32
_Natural_1Size=0,0,22,22
invalidElements=Natural_current-color-scheme_0_1,Natural_hint-apply-color-scheme_0_1

[/home/chrislopt/.local/share/plasma/desktoptheme/Arc-Dark/icons/system.svg]
Natural_22-22-system-lock-screen_0_1Size=22.000001,41.99781999999993,21.999999999999996,22
Natural_22-22-system-log-out_0_1Size=-66.0023000000001,42,22,22
Natural_22-22-system-reboot_0_1Size=-87.999999,41.99781999999993,22,22
Natural_22-22-system-shutdown_0_1Size=-43.999999,41.99781999999993,22,22
Natural_22-22-system-suspend-hibernate_0_1Size=-110,41.99781999999993,22,22
Natural_22-22-system-suspend_0_1Size=-21.999999,41.99781999999993,22,22
Natural_22-22-system-switch-user_0_1Size=1e-06,41.99781999999993,22,22
Natural_system-log-out_0_1Size=96,-0.002200000000016189,32,32
_Natural_1Size=0,0,32,32
invalidElements=Natural_current-color-scheme_0_1,Natural_hint-apply-color-scheme_0_1

[/home/chrislopt/.local/share/plasma/desktoptheme/Arc-Dark/widgets/background.svg]
Natural_bottom_0_1Size=16.999975,99.938995,50.000025,17
Natural_hint-bottom-margin_0_1Size=39,99.94,4,17
Natural_hint-left-margin_0_1Size=0,71.94,17,4
Natural_hint-right-margin_0_1Size=67,71.94,17,4
Natural_hint-tile-center_0_1Size=0,-0.06,5,5
Natural_hint-top-margin_0_1Size=39,32.94,4,17
Natural_left_0_1Size=0,49.938919999999996,17.000014999999998,50.00007500000001
Natural_right_0_1Size=66.999995,49.93893,17.000005,50.000065000000006
Natural_top_0_1Size=16.999975,32.93899499999998,50.000025,17
_Natural_1Size=0,0,205,210
invalidElements=Natural_current-color-scheme_0_1,Natural_hint-apply-color-scheme_0_1

[/home/chrislopt/.local/share/plasma/desktoptheme/Arc-Dark/widgets/clock.svg]
Natural_ClockFace_0_1Size=0,0,208,208
Natural_HourHand_0_1Size=212.99997801164633,98.99997347705576,17.999999934070246,63.99999976558314
Natural_MinuteHand_0_1Size=239.99999624168433,102.00000068799342,11.999999935050226,84.99999953993908
_Natural_1Size=0,0,208,208
invalidElements=Natural_current-color-scheme_0_1,Natural_hint-apply-color-scheme_0_1

[Global]
currentIconThemePath=:/icons/hicolor/
